is_3d: false
fiber_angle_deg: -31
fiber_xoffset: 5
compute_time_seconds: 3.410997152328491
compute_time_minutes: 0.05684995253880819
