is_3d: false
fiber_angle_deg: -31
fiber_xoffset: 0
compute_time_seconds: 58.89392685890198
compute_time_minutes: 0.9815654476483663
