is_3d: false
fiber_angle_deg: -31
fiber_xoffset: -15
compute_time_seconds: 62.93822264671326
compute_time_minutes: 1.048970377445221
