is_3d: false
fiber_angle_deg: -31
fiber_xoffset: 0
compute_time_seconds: 3.1204681396484375
compute_time_minutes: 0.052007802327473956
