compute_time_seconds: 60.34296417236328
compute_time_minutes: 1.005716069539388
