compute_time_seconds: 53.077330589294434
compute_time_minutes: 0.8846221764882406
