is_3d: false
fiber_angle_deg: -31
fiber_xoffset: -5
compute_time_seconds: 64.49431157112122
compute_time_minutes: 1.0749051928520204
