is_3d: false
fiber_angle_deg: -31
fiber_xoffset: 5
compute_time_seconds: 61.239017963409424
compute_time_minutes: 1.0206502993901572
