is_3d: false
fiber_angle_deg: -31
fiber_xoffset: -5
compute_time_seconds: 3.3036324977874756
compute_time_minutes: 0.05506054162979126
