is_3d: false
fiber_angle_deg: -31
fiber_xoffset: -10
compute_time_seconds: 57.57888197898865
compute_time_minutes: 0.9596480329831442
