compute_time_seconds: 60.538620471954346
compute_time_minutes: 1.0089770078659057
