is_3d: false
fiber_angle_deg: 31
fiber_xoffset: 0
compute_time_seconds: 57.904752016067505
compute_time_minutes: 0.9650792002677917
