is_3d: false
fiber_angle_deg: -31
fiber_xoffset: 0
compute_time_seconds: 64.62230706214905
compute_time_minutes: 1.0770384510358175
