is_3d: false
fiber_angle_deg: -31
fiber_xoffset: -15
compute_time_seconds: 69.73126530647278
compute_time_minutes: 1.1621877551078796
