is_3d: false
fiber_angle_deg: -31
fiber_xoffset: 5
compute_time_seconds: 60.06984901428223
compute_time_minutes: 1.001164150238037
