is_3d: false
fiber_angle_deg: -31
fiber_xoffset: -10
compute_time_seconds: 65.07130861282349
compute_time_minutes: 1.0845218102137248
